  npes   npe   mpe   idm   jdm  ibig  jbig  nreg  minsea  maxsea  avesea
    90    30     3  1276   383   205   135     0    4296    4508    4383

ispt(  1) =      8    90   125   160   195   231   267   302
               337   372   407   442   477   512   547   582
               617   652   687   722   757   792   827   862
               897   932   967  1002  1037  1072
iipe(  1) =     82    35    35    35    36    36    35    35
                35    35    35    35    35    35    35    35
                35    35    35    35    35    35    35    35
                35    35    35    35    35   205
ispt(  2) =     84   154   190   271   311   343   376   408
               440   473   506   538   570   602   634   666
               699   732   765   797   829   862   894   926
               959   992  1024  1056  1089  1139
iipe(  2) =     70    36    81    40    32    33    32    32
                33    33    32    32    32    32    32    33
                33    33    32    32    33    32    32    33
                33    32    32    33    50   138
ispt(  3) =    149   199   236   274   313   349   385   421
               457   493   529   565   601   637   673   709
               745   781   817   853   889   925   961  1001
              1042  1084  1122  1160  1199  1238
iipe(  3) =     50    37    38    39    36    36    36    36
                36    36    36    36    36    36    36    36
                36    36    36    36    36    36    40    41
                42    38    38    39    39    39
 
jspt(  1) =      1   127   262
jjpe(  1) =    126   135   122
