  npes   npe   mpe   idm   jdm  ibig  jbig  nreg  minsea  maxsea  avesea
    90    15     6  1135   633   230   142     0    5671    5867    5776

ispt(  1) =    181   411   536   599   640   681   722   763
               804   845   886   927   968  1009  1053
iipe(  1) =    230   125    63    41    41    41    41    41
                41    41    41    41    41    44    83
ispt(  2) =     18   200   259   319   386   445   504   562
               619   677   735   793   851   909   967
iipe(  2) =    182    59    60    67    59    59    58    57
                58    58    58    58    58    58    70
ispt(  3) =      1    77   152   227   306   372   438   504
               570   636   702   768   834   900   966
iipe(  3) =     76    75    75    79    66    66    66    66
                66    66    66    66    66    66    95
ispt(  4) =     11   143   253   318   383   447   512   576
               640   705   770   835   899   964  1029
iipe(  4) =    132   110    65    65    64    65    64    64
                65    65    65    64    65    65    91
ispt(  5) =    221   327   384   442   499   556   613   670
               727   785   842   900   957  1014  1071
iipe(  5) =    106    57    58    57    57    57    57    57
                58    57    58    57    57    57    65
ispt(  6) =    286   397   460   512   563   614   665   716
               767   818   869   920   971  1022  1073
iipe(  6) =    111    63    52    51    51    51    51    51
                51    51    51    51    51    51    63
 
jspt(  1) =      1   143   243   331   420   521
jjpe(  1) =    142   100    88    89   101   113
