  npes   npe   mpe   idm   jdm  ibig  jbig  nreg  minsea  maxsea  avesea
    90    30     3  1226   476   173   191     0    4893    5157    4984

ispt(  1) =      1    42    82   122   162   201   241   280
               319   359   399   438   477   517   556   595
               635   675   715   755   794   834   873   912
               952   992  1031  1070  1110  1155
iipe(  1) =     41    40    40    40    39    40    39    39
                40    40    39    39    40    39    39    40
                40    40    40    39    40    39    39    40
                40    39    39    40    45    72
ispt(  2) =      1    34    66    98   130   161   193   224
               255   287   320   351   382   414   446   477
               509   541   573   605   636   668   699   730
               762   794   825   857   893   933
iipe(  2) =     33    32    32    32    31    32    31    31
                32    33    31    31    32    32    31    32
                32    32    32    31    32    31    31    32
                32    31    32    36    40   173
ispt(  3) =      1    28    54    81   107   133   159   185
               211   237   263   289   315   341   367   393
               419   445   471   497   523   549   575   601
               627   653   679   705   734   777
iipe(  3) =     27    26    27    26    26    26    26    26
                26    26    26    26    26    26    26    26
                26    26    26    26    26    26    26    26
                26    26    26    29    43   116
 
jspt(  1) =      1   128   286
jjpe(  1) =    127   158   191
