  npes   npe   mpe   idm   jdm  ibig  jbig  nreg  minsea  maxsea  avesea
    90    30     3  1064   436   288   165     0    3775    4072    3924

ispt(  1) =    315   366   390   414   438   462   486   510
               534   558   582   606   632   657   681   705
               729   753   777   801   825   849   873   897
               921   945   969   993  1017  1041
iipe(  1) =     51    24    24    24    24    24    24    24
                24    24    24    26    25    24    24    24
                24    24    24    24    24    24    24    24
                24    24    24    24    24    24
ispt(  2) =      1   289   331   360   386   411   437   463
               489   516   543   569   595   621   647   674
               701   727   753   779   805   831   857   883
               909   935   961   987  1013  1039
iipe(  2) =    288    42    29    26    25    26    26    26
                27    27    26    26    26    26    27    27
                26    26    26    26    26    26    26    26
                26    26    26    26    26    26
ispt(  3) =      1    38    73   119   159   205   266   309
               345   378   412   445   478   511   544   576
               609   642   675   707   739   772   805   837
               870   903   935   967  1000  1032
iipe(  3) =     37    35    46    40    46    61    43    36
                33    34    33    33    33    33    32    33
                33    33    32    32    33    33    32    33
                33    32    32    33    32    33
 
jspt(  1) =      1   166   317
jjpe(  1) =    165   151   120
