  npes   npe   mpe   idm   jdm  ibig  jbig  nreg  minsea  maxsea  avesea
    90    15     6   876   476    61    81     0    4581    4720    4615

ispt(  1) =      1    61   120   179   237   295   353   411
               469   528   586   644   702   761   819
iipe(  1) =     60    59    59    58    58    58    58    58
                59    58    58    58    59    58    58
ispt(  2) =      1    61   120   179   237   295   353   411
               469   528   587   645   703   761   819
iipe(  2) =     60    59    59    58    58    58    58    58
                59    59    58    58    58    58    58
ispt(  3) =      1    60   118   177   235   293   351   409
               467   526   587   645   703   761   819
iipe(  3) =     59    58    59    58    58    58    58    58
                59    61    58    58    58    58    58
ispt(  4) =      1    61   120   179   237   295   353   411
               469   528   587   645   703   761   819
iipe(  4) =     60    59    59    58    58    58    58    58
                59    59    58    58    58    58    58
ispt(  5) =      1    61   120   179   237   295   353   411
               469   528   587   645   703   761   819
iipe(  5) =     60    59    59    58    58    58    58    58
                59    59    58    58    58    58    58
ispt(  6) =      1    61   120   179   237   295   353   411
               469   528   587   645   703   761   819
iipe(  6) =     60    59    59    58    58    58    58    58
                59    59    58    58    58    58    58
 
jspt(  1) =      1    82   161   240   319   398
jjpe(  1) =     81    79    79    79    79    79
