  npes   npe   mpe   idm   jdm  ibig  jbig  nreg  minsea  maxsea  avesea
    40    20     4   712   331   209   150     0    1166    1348    1280

ispt(  1) =     13   105   125   145   165   184   204   224
               243   263   283   303   322   342   361   381
               401   422   451   483   503   523   543   562
               582   602   621   641   662   682
iipe(  1) =     92    20    20    20    19    20    20    19
                20    20    20    19    20    19    20    20
                21    29    32    20    20    20    19    20
                20    19    20    21    20    31
ispt(  2) =      1    46    81   108   127   147   166   185
               204   224   244   263   282   301   320   339
               359   378   402   479   498   518   537   556
               575   595   614   634   653   672
iipe(  2) =     45    35    27    19    20    19    19    19
                20    20    19    19    19    19    19    20
                19    24    77    19    20    19    19    19
                20    19    20    19    19    26
ispt(  3) =     91   170   197   223   249   275   301   327
               353   469   522   548   574   600   626     0
                 0     0     0     0     0     0     0     0
                 0     0     0     0     0     0
iipe(  3) =     79    27    26    26    26    26    26    26
               116    53    26    26    26    26    60     0
                 0     0     0     0     0     0     0     0
                 0     0     0     0     0     0
ispt(  4) =     60    97   125   171   202   218   234   250
               266   281   296   314   343   552   590     0
                 0     0     0     0     0     0     0     0
                 0     0     0     0     0     0
iipe(  4) =     37    28    46    31    16    16    16    16
                15    15    18    29   209    38    51     0
                 0     0     0     0     0     0     0     0
                 0     0     0     0     0     0
 
jspt(  1) =      1    67   133   182
jjpe(  1) =     66    66    49   150
