  npes   npe   mpe   idm   jdm  ibig  jbig  nreg  minsea  maxsea  avesea
    90    18     5   989   480   152   114     0    4089    4240    4153

ispt(  1) =      1    76   138   189   249   308   375   426
               478   529   580   631   682   733   785   837
               888   939
iipe(  1) =     75    62    51    60    59    67    51    52
                51    51    51    51    51    52    52    51
                51    51
ispt(  2) =      9   161   209   256   322   371   419   466
               514   561   609   657   705   753   800   848
               895   943
iipe(  2) =    152    48    47    66    49    48    47    48
                47    48    48    48    48    47    48    47
                48    47
ispt(  3) =     85   196   254   306   352   397   443   489
               535   580   626   672   717   763   808   854
               899   945
iipe(  3) =    111    58    52    46    45    46    46    46
                45    46    46    45    46    45    46    45
                46    45
ispt(  4) =    246   317   356   397   438   477   517   556
               596   635   675   715   754   794   833   873
               912   951
iipe(  4) =     71    39    41    41    39    40    39    40
                39    40    40    39    40    39    40    39
                39    39
ispt(  5) =    234   300   339   403   451   503   553   589
               626   662   699   736   772   808   844   881
               917   953
iipe(  5) =     66    39    64    48    52    50    36    37
                36    37    37    36    36    36    37    36
                36    37
 
jspt(  1) =      1    83   170   261   367
jjpe(  1) =     82    87    91   106   114
